2.10100708	0.00000000
2.10457344	0.00298083
2.10815193	0.00602464
2.11174261	0.00912027
2.11534554	0.01225672
2.11896078	0.01542312
2.12258841	0.01861301
2.12622848	0.02183082
2.12988105	0.02508260
2.13354619	0.02837433
2.13722397	0.03171189
2.14091446	0.03510108
2.14461770	0.03854760
2.14833379	0.04205707
2.15206277	0.04563503
2.15580472	0.04928694
2.15955970	0.05301814
2.16332779	0.05683393
2.16710906	0.06073375
2.17090356	0.06470266
2.17471137	0.06872366
2.17853257	0.07277999
2.18236722	0.07685511
2.18621539	0.08093273
2.19007716	0.08499675
2.19395259	0.08903133
2.19784176	0.09302081
2.20174475	0.09694978
2.20566162	0.10080864
2.20959246	0.10460918
2.21353733	0.10836814
2.21749631	0.11210204
2.22146948	0.11582714
2.22545691	0.11955947
2.22945868	0.12331483
2.23347487	0.12710882
2.23750555	0.13095676
2.24155081	0.13486879
2.24561073	0.13883584
2.24968537	0.14284446
2.25377483	0.14688132
2.25787919	0.15093332
2.26199852	0.15498753
2.26613291	0.15903120
2.27028244	0.16305178
2.27444719	0.16703808
2.27862725	0.17098345
2.28282271	0.17488242
2.28703364	0.17872955
2.29126014	0.18251953
2.29550229	0.18624710
2.29976017	0.18990711
2.30403388	0.19349445
2.30832351	0.19700408
2.31262913	0.20042586
2.31695085	0.20374059
2.32128875	0.20692836
2.32564293	0.20996958
2.33001347	0.21284498
2.33440047	0.21553556
2.33880402	0.21802266
2.34322421	0.22028806
2.34766114	0.22233462
2.35211491	0.22420727
2.35658561	0.22595540
2.36107334	0.22762765
2.36557819	0.22927193
2.37010026	0.23093547
2.37463966	0.23266470
2.37919648	0.23450542
2.38377082	0.23649303
2.38836278	0.23858500
2.39297247	0.24070229
2.39759999	0.24276682
2.40224544	0.24470168
2.40690892	0.24643121
2.41159055	0.24788089
2.41629043	0.24898681
2.42100866	0.24974691
2.42574535	0.25018344
2.43050061	0.25031840
2.43527456	0.25017350
2.44006729	0.24977015
2.44487893	0.24912944
2.44970958	0.24827217
2.45455936	0.24721847
2.45942838	0.24598557
2.46431675	0.24458949
2.46922459	0.24304605
2.47415203	0.24137083
2.47909916	0.23957915
2.48406612	0.23768615
2.48905303	0.23570659
2.49405999	0.23365202
2.49908715	0.23153091
2.50413460	0.22935145
2.50920249	0.22712173
2.51429093	0.22484971
2.51940006	0.22254322
2.52452999	0.22020997
2.52968085	0.21785250
2.53485277	0.21546126
2.54004589	0.21302503
2.54526032	0.21053281
2.55049622	0.20797380
2.55575369	0.20533736
2.56103289	0.20261304
2.56633394	0.19979350
2.57165698	0.19688737
2.57700215	0.19390847
2.58236959	0.19087044
2.58775943	0.18778671
2.59317181	0.18467046
2.59860689	0.18153471
2.60406479	0.17839222
2.60954568	0.17525558
2.61504968	0.17213334
2.62057694	0.16902127
2.62612763	0.16591268
2.63170187	0.16280096
2.63729983	0.15967958
2.64292166	0.15654216
2.64856751	0.15338245
2.65423753	0.15019603
2.65993187	0.14699891
2.66565071	0.14381991
2.67139418	0.14068749
2.67716246	0.13762972
2.68295571	0.13467411
2.68877408	0.13184771
2.69461774	0.12917709
2.70048686	0.12668502
2.70638160	0.12437174
2.71230214	0.12222852
2.71824863	0.12024672
2.72422125	0.11841783
2.73022018	0.11673344
2.73624559	0.11518527
2.74229765	0.11376513
2.74837654	0.11246183
2.75448245	0.11126005
2.76061554	0.11014440
2.76677601	0.10909973
2.77296403	0.10811115
2.77917979	0.10716405
2.78542349	0.10624401
2.79169530	0.10533703
2.79799541	0.10444171
2.80432403	0.10358091
2.81068134	0.10277997
2.81706754	0.10206374
2.82348283	0.10145659
2.82992740	0.10098243
2.83640146	0.10066475
2.84290521	0.10052546
2.84943885	0.10056147
2.85600260	0.10074575
2.86259665	0.10105073
2.86922122	0.10144928
2.87587653	0.10191480
2.88256278	0.10242112
2.88928019	0.10294255
2.89602899	0.10345540
2.90280938	0.10396962
2.90962160	0.10452747
2.91646587	0.10517178
2.92334242	0.10594458
2.93025146	0.10688706
2.93719325	0.10803963
2.94416800	0.10944188
2.95117596	0.11112135
2.95821735	0.11304774
2.96529243	0.11517306
2.97240143	0.11745023
2.97954460	0.11983298
2.98672219	0.12227943
2.99393444	0.12478683
3.00118161	0.12737624
3.00846394	0.13006863
3.01578171	0.13288457
3.02313516	0.13584421
3.03052455	0.13897063
3.03795016	0.14229220
3.04541225	0.14583728
3.05291109	0.14963361
3.06044695	0.15370837
3.06802010	0.15808811
3.07563082	0.16278166
3.08327940	0.16770530
3.09096612	0.17274600
3.09869126	0.17779293
3.10645510	0.18273775
3.11425796	0.18754295
3.12210010	0.19232208
3.12998185	0.19720634
3.13790349	0.20232431
3.14586533	0.20777683
3.15386767	0.21353224
3.16191083	0.21951708
3.16999512	0.22565930
3.17812086	0.23188825
3.18628836	0.23813468
3.19449794	0.24433172
3.20274995	0.25046466
3.21104469	0.25659379
3.21938251	0.26278405
3.22776375	0.26909907
3.23618873	0.27560107
3.24465782	0.28235101
3.25317134	0.28940986
3.26172966	0.29690130
3.27033313	0.30503439
3.27898211	0.31402006
3.28767696	0.32418595
3.29641804	0.33692002
3.30520572	0.35413445
3.31404038	0.37675000
3.32292240	0.39995577
3.33185216	0.41956672
3.34083003	0.44203177
3.34985643	0.46836779
3.35893173	0.49612971
3.36805634	0.52416833
3.37723065	0.55359453
3.38645509	0.58492529
3.39573005	0.61649592
3.40505596	0.64833692
3.41443323	0.68007347
3.42386229	0.70857484
3.43334358	0.73542168
3.44287752	0.75405967
3.45246456	0.76321777
3.46210514	0.76852778
3.47179971	0.77282983
3.48154872	0.77656675
3.49135265	0.77857749
3.50121194	0.77769057
3.51112707	0.77321881
3.52109852	0.76532887
3.53112677	0.75433453
3.54121231	0.74227681
3.55135562	0.72927369
3.56155721	0.71410991
3.57181758	0.69974391
3.58213723	0.68482696
3.59251669	0.66969121
3.60295647	0.65519753
3.61345711	0.64157406
3.62401913	0.62897112
3.63464307	0.61753526
3.64532949	0.60738806
3.65607894	0.59843900
3.66689197	0.59048118
3.67776915	0.58331092
3.68871105	0.57672901
3.69971825	0.57054077
3.71079134	0.56457804
3.72193091	0.55886871
3.73313756	0.55353876
3.74441191	0.54871192
3.75575456	0.54443260
3.76716613	0.54044326
3.77864727	0.53641809
3.79019860	0.53204487
3.80182077	0.52741622
3.81351443	0.52327001
3.82528026	0.52038573
3.83711891	0.51936644
3.84903106	0.52002922
3.86101741	0.52195911
3.87307864	0.52475082
3.88521547	0.52800882
3.89742860	0.53146272
3.90971875	0.53517312
3.92208666	0.53925556
3.93453307	0.54382252
3.94705873	0.54898350
3.95966439	0.55484503
3.97235082	0.56150610
3.98511881	0.56892344
3.99796915	0.57689281
4.01090262	0.58520582
4.02392005	0.59365921
4.03702224	0.60205485
4.05021004	0.61020082
4.06348429	0.61818935
4.07684583	0.62674772
4.09029553	0.63667270
4.10383427	0.64873981
4.11746293	0.66344905
4.13118241	0.68006871
4.14499363	0.69752173
4.15889750	0.71522149
4.17289496	0.73643297
4.18698696	0.76139282
4.20117447	0.78657746
4.21545845	0.81173352
4.22983989	0.83960062
4.24431979	0.86459018
4.25889917	0.88953561
4.27357906	0.91627457
4.28836050	0.93790823
4.30324454	0.95010170
4.31823227	0.95595308
4.33332476	0.96655020
4.34852312	0.98094184
4.36382846	0.99212673
4.37924193	0.99817171
4.39476466	1.00000000
4.41039783	0.99854452
4.42614262	0.99471356
4.44200023	0.98945686
4.45797187	0.98390586
4.47405878	0.97889659
4.49026221	0.97378593
4.50658344	0.96755017
4.52302375	0.95984471
4.53958444	0.95108362
4.55626686	0.94269757
4.57307234	0.93631943
4.59000225	0.93216125
